25 25 25 25 25 25 25 25 25 25 25 25 25 25 25 25 25 25 25 25 25 25 25 25 25 25 25 25 25 25 25 25 25 25 25 25 25 25 25 25 25 25 25 25 25 25 25 25 25 25 25 25 25 25 25 25 25 25 25 25 25 25 25 25 25 25 25 25 25 25 25 25 25 25 25 25 25 25 25 25 25 25 25 25 25 25 25 25 25 25 25 25 25 25 25 25 25 25 25 25
25 1 1 1 1 1 1 1 1 1 1 1 1 1 1 1 1 1 1 1 1 1 1 1 1 1 1 1 1 1 1 1 1 1 1 1 1 1 1 1 1 1 1 1 1 1 1 1 1 1 1 1 1 1 1 1 1 1 1 1 1 1 1 1 1 1 1 1 1 1 1 1 1 1 1 1 1 1 1 1 1 1 1 1 1 1 1 1 1 1 1 1 1 1 1 1 1 1 1 25
25 1 1 1 1 1 1 1 1 1 1 1 1 1 1 1 1 1 1 1 1 1 1 1 1 1 1 1 1 1 1 1 1 1 1 1 1 1 1 1 1 1 1 1 1 1 1 1 1 1 1 1 1 1 1 1 1 1 1 1 1 1 1 1 1 1 1 1 1 1 1 1 1 1 1 1 1 1 1 1 1 1 1 1 1 1 1 1 1 1 1 1 1 1 1 1 1 1 1 25
25 1 1 1 1 1 1 1 1 1 1 1 1 1 1 1 1 1 1 1 1 1 1 1 1 1 1 1 1 1 1 1 1 1 1 1 1 1 1 1 1 1 1 1 1 1 1 1 1 24 24 24 24 24 24 24 24 24 24 24 24 24 24 24 24 24 24 24 24 24 24 24 24 24 24 24 24 24 24 24 24 24 24 24 24 24 24 24 24 24 24 24 24 24 24 24 24 24 1 25
25 1 1 1 1 1 1 1 1 1 1 1 1 1 1 1 1 1 1 1 1 1 1 1 1 1 1 1 1 1 1 1 1 1 1 1 1 1 1 1 1 1 1 1 1 1 1 1 1 24 24 24 24 24 24 24 24 24 24 24 24 24 24 24 24 24 24 24 24 24 24 24 24 24 24 24 24 24 24 24 24 24 24 24 24 24 24 24 24 24 24 24 24 24 24 24 24 24 1 25
25 1 1 1 1 1 1 1 1 24 24 24 24 24 24 24 24 24 1 1 1 1 1 1 1 1 1 1 1 1 1 1 1 1 1 1 1 1 1 1 1 1 1 1 1 1 1 1 1 24 24 24 24 24 24 24 24 24 24 24 24 24 24 24 24 24 24 24 24 24 24 24 24 24 24 24 24 24 24 24 24 24 24 24 24 24 24 24 24 24 24 24 24 24 24 24 24 24 1 25
25 1 1 1 1 1 1 1 1 24 24 24 24 24 24 24 24 24 1 1 1 1 1 1 1 1 1 1 1 1 1 1 1 1 1 1 1 1 1 1 1 1 1 1 1 1 1 1 1 24 24 24 24 24 24 24 24 24 24 24 24 24 24 24 24 24 24 24 24 24 24 24 24 24 24 24 24 24 24 24 24 24 24 24 24 24 24 24 24 24 24 24 24 24 24 24 24 24 1 25
25 1 1 1 1 1 1 1 1 24 24 24 24 24 24 24 24 24 1 1 1 1 1 1 1 1 1 1 1 1 1 1 1 1 1 1 1 1 1 1 1 1 1 1 1 1 1 1 1 117 117 117 117 117 117 117 117 117 117 117 117 117 117 117 117 117 117 117 117 117 117 117 117 117 117 117 117 117 117 117 117 117 117 117 117 117 117 117 117 117 117 117 117 117 117 117 117 117 1 25
25 1 1 1 1 1 1 1 1 24 24 24 24 24 24 24 24 24 1 1 1 1 1 1 1 1 1 1 1 1 1 1 1 1 1 1 1 1 1 1 1 1 1 1 1 1 1 1 1 117 117 117 117 117 117 117 117 117 117 117 117 117 117 117 117 117 117 117 117 117 117 117 117 117 117 117 117 117 117 117 117 117 117 117 117 117 117 117 117 117 117 117 117 117 117 117 117 117 1 25
25 1 1 1 1 1 1 1 1 24 24 24 24 24 24 24 24 24 1 1 1 1 1 1 1 1 1 1 1 1 1 1 1 1 1 1 1 1 1 1 1 1 1 1 1 1 1 1 1 117 117 117 117 117 117 117 117 117 117 117 117 117 117 117 117 117 117 117 117 117 117 117 117 117 117 117 117 117 117 117 117 117 117 117 117 117 117 117 117 117 117 117 117 117 117 117 117 117 1 25
25 1 1 1 1 1 1 1 1 24 24 24 24 24 24 24 24 24 1 1 1 1 1 1 1 1 1 1 1 1 1 1 1 1 1 1 1 1 1 1 1 1 1 1 1 1 1 1 1 117 117 117 117 117 117 117 117 117 117 117 117 117 117 117 117 117 117 117 117 117 117 117 117 117 117 117 117 117 117 117 117 117 117 117 117 117 117 117 117 117 117 117 117 117 117 117 117 117 1 25
25 1 1 1 1 1 1 1 1 24 24 24 24 24 24 24 24 24 1 1 1 1 1 1 1 1 1 1 1 1 1 1 1 1 1 1 1 1 24 24 24 24 24 24 24 24 24 1 1 117 117 117 117 117 117 117 117 117 117 117 117 117 117 117 117 117 117 117 117 117 117 117 117 117 117 117 117 117 117 117 117 117 117 117 117 117 117 117 117 117 117 117 117 117 117 117 117 117 1 25
25 1 1 1 1 1 1 1 1 24 24 24 24 24 24 24 24 24 1 1 1 1 1 1 1 1 1 1 1 1 1 1 1 1 1 1 1 1 24 24 24 24 24 24 24 24 24 1 1 117 117 117 117 117 117 117 117 117 117 117 117 117 117 117 117 117 117 117 117 117 117 117 117 117 117 117 117 117 117 117 117 117 117 117 117 117 117 117 117 117 117 117 117 117 117 117 117 117 1 25
25 1 1 1 1 1 1 1 1 24 24 24 24 24 24 24 24 24 1 1 1 1 1 1 1 1 1 1 1 1 1 1 1 1 1 1 1 1 24 24 24 24 24 24 24 24 24 1 1 117 117 117 117 117 117 117 117 117 117 117 117 117 117 117 117 117 24 24 117 117 117 117 117 117 117 117 117 117 117 117 117 117 117 117 117 117 117 117 117 117 117 117 117 117 117 117 117 117 1 25
25 1 1 1 1 1 1 1 1 24 24 24 24 24 24 24 24 24 1 1 1 1 1 1 1 1 1 1 1 1 1 1 1 1 1 1 1 1 24 24 24 24 24 24 24 24 24 1 1 117 117 117 117 117 117 117 117 117 117 117 117 117 117 117 117 117 24 24 117 117 117 117 117 117 117 117 117 117 117 117 117 117 117 24 24 24 24 24 117 117 117 117 117 117 117 117 117 117 1 25
25 1 1 1 1 1 1 1 1 1 1 1 1 1 1 1 1 1 1 1 1 1 1 1 1 1 1 1 1 1 1 1 1 1 1 1 1 1 24 24 24 24 24 24 24 24 24 1 1 117 117 117 117 117 117 117 117 117 117 117 117 117 117 117 117 117 117 117 117 117 117 117 117 117 117 117 117 117 117 117 117 117 117 24 24 24 24 24 117 117 117 117 117 117 117 117 117 117 1 25
25 1 1 1 1 1 1 1 1 1 1 1 1 1 1 1 1 1 1 1 1 1 1 1 1 1 1 1 1 1 1 1 1 1 1 1 1 1 1 1 1 1 1 1 1 1 1 1 1 117 117 117 117 117 117 117 117 117 117 117 117 117 117 117 117 117 117 117 117 117 117 117 117 117 117 117 117 117 117 117 117 117 117 24 24 24 24 24 117 117 117 117 117 117 117 117 117 117 1 25
25 1 1 1 1 1 1 1 1 1 1 1 1 1 1 1 1 1 1 1 1 1 1 1 1 1 1 1 1 1 1 1 1 1 1 1 1 1 1 1 1 1 1 1 1 1 1 1 1 117 117 117 24 24 24 117 117 117 117 117 117 117 117 117 117 117 117 117 117 117 117 117 117 117 117 117 117 117 117 117 117 117 117 117 117 117 117 117 117 117 117 117 117 117 117 117 117 117 1 25
25 1 1 1 1 1 1 1 1 1 1 1 1 1 1 1 1 1 1 1 1 1 1 1 1 1 1 1 1 1 1 1 1 1 1 1 1 1 1 1 1 1 1 1 1 1 1 1 1 117 117 117 24 24 24 117 117 117 117 117 117 117 117 117 117 117 117 117 117 117 117 117 117 117 117 117 117 117 117 117 117 117 117 117 117 117 117 117 117 117 117 117 117 117 117 117 117 117 1 25
25 1 1 1 1 1 1 1 1 1 1 1 1 1 1 1 1 1 1 1 1 1 1 1 1 1 1 1 1 1 1 1 1 1 1 1 1 1 1 1 1 1 1 1 1 1 1 1 1 117 117 117 24 24 24 117 117 117 117 117 117 117 117 117 117 117 117 117 117 117 117 117 117 117 117 117 117 117 117 117 117 117 117 117 117 117 117 117 117 117 117 117 117 117 117 117 117 117 1 25
25 1 1 1 1 1 1 1 1 1 1 1 1 1 1 1 1 1 1 1 1 1 1 1 1 1 1 1 1 1 1 1 1 1 1 1 1 1 1 1 1 1 1 1 1 1 1 1 1 117 117 117 117 117 117 117 117 117 117 117 117 117 117 117 117 117 117 117 117 117 117 117 117 117 117 117 117 117 117 117 117 117 117 117 117 117 117 117 117 117 117 117 117 117 117 117 117 117 1 25
25 1 1 1 1 1 1 1 1 1 1 1 1 1 1 1 1 1 1 1 1 1 1 1 1 1 1 1 1 1 1 1 1 1 1 1 1 1 1 1 1 1 1 1 1 1 1 1 1 117 117 117 117 117 117 117 117 117 117 117 117 117 117 117 117 117 117 117 117 117 117 117 117 117 117 117 117 117 117 117 117 117 117 117 117 117 117 117 117 117 117 117 117 117 117 117 117 117 1 25
25 1 24 24 24 24 24 24 24 24 24 24 24 1 1 1 1 1 1 1 1 1 1 1 1 1 1 1 1 1 1 1 1 1 1 1 1 1 1 1 1 1 1 1 1 1 1 1 1 117 117 117 117 117 117 117 117 117 117 117 117 117 117 117 117 117 117 117 117 117 117 117 117 24 24 24 24 117 117 117 117 117 117 117 117 117 117 117 117 117 117 117 117 117 117 117 117 117 1 25
25 1 24 24 24 24 24 24 24 24 24 24 24 1 1 1 1 1 1 1 1 1 1 1 1 1 1 1 1 1 1 1 1 1 1 1 1 1 1 1 1 1 1 1 1 1 1 1 1 117 117 117 117 117 117 117 117 117 117 117 117 117 117 117 117 117 117 117 117 117 117 117 117 24 24 24 24 117 117 117 117 117 117 117 117 117 117 117 117 117 117 117 117 117 117 117 117 117 1 25
25 1 24 24 24 24 24 24 24 24 24 24 24 1 1 1 1 1 1 1 1 1 1 1 1 1 1 1 1 1 1 1 1 1 1 1 1 1 1 1 1 1 1 1 1 1 1 1 1 117 117 117 117 117 117 117 117 117 117 117 117 117 117 24 24 24 24 24 117 117 117 117 117 117 117 117 117 117 117 117 117 117 117 117 117 117 117 117 117 117 117 117 117 117 117 117 117 117 1 25
25 1 24 24 24 24 24 24 24 24 24 24 24 1 1 1 1 1 1 1 1 1 1 1 1 1 1 1 1 1 1 1 1 1 1 1 1 1 1 1 1 1 1 1 1 1 1 1 1 117 117 117 117 117 117 117 117 117 117 117 117 117 117 24 24 24 24 24 117 117 117 117 117 117 117 117 117 117 117 117 117 117 117 117 117 117 117 117 117 117 117 117 117 117 117 117 117 117 1 25
25 1 24 24 24 24 24 24 24 24 24 24 24 1 1 1 1 1 1 1 1 1 1 1 1 1 1 1 1 1 1 1 1 1 1 1 1 1 1 1 1 1 1 1 1 1 1 1 1 117 117 117 117 117 117 117 117 117 117 117 117 117 117 24 24 24 24 24 117 117 117 117 117 117 117 117 117 117 117 117 117 117 117 117 117 117 117 117 24 24 24 24 24 24 24 24 117 117 1 25
25 1 24 24 24 24 24 24 24 24 24 24 24 1 1 1 1 1 1 1 1 1 1 1 1 1 1 1 1 1 1 1 1 1 1 1 1 1 1 1 1 1 1 1 1 1 1 1 1 117 117 117 117 117 117 117 117 117 117 117 117 117 117 117 117 117 117 117 117 117 117 117 117 117 117 117 117 117 117 117 117 117 117 117 117 117 117 117 117 117 117 117 117 117 117 117 117 117 1 25
25 1 24 24 24 24 24 24 24 24 24 24 24 1 1 1 1 1 1 1 1 1 1 1 1 1 1 1 1 1 1 1 1 1 1 1 1 1 1 1 1 1 1 1 1 1 1 1 1 117 117 117 117 117 117 117 117 117 117 117 117 117 117 117 117 117 117 117 117 117 117 117 117 117 117 117 117 117 117 117 117 117 117 117 117 117 117 117 117 117 117 117 117 117 117 117 117 117 1 25
25 1 24 24 24 24 24 24 24 24 24 24 24 1 1 1 1 1 1 1 1 1 1 1 1 1 1 1 1 1 1 1 1 1 1 1 1 1 1 1 1 1 1 1 1 1 1 1 1 1 1 1 1 1 1 1 1 1 1 1 1 1 1 1 1 1 1 1 1 1 1 1 1 1 1 1 1 1 1 1 1 1 1 1 1 1 1 1 1 1 1 1 1 1 1 1 1 1 1 25
25 1 24 24 24 24 24 24 24 24 24 24 24 1 1 1 1 1 1 1 1 1 1 1 1 1 1 1 1 1 1 1 1 1 1 1 1 1 1 1 1 1 1 1 1 1 1 1 1 1 1 1 1 1 1 1 1 1 1 1 1 1 1 1 1 1 1 1 1 1 1 1 1 1 1 1 1 1 1 1 1 1 1 1 1 1 1 1 1 1 1 1 1 1 1 1 1 1 1 25
25 1 24 24 24 24 24 24 24 24 24 24 24 1 1 1 1 1 1 1 1 1 1 1 1 1 1 1 1 1 1 24 24 24 24 24 24 24 24 24 1 1 1 1 1 1 1 1 1 1 1 1 1 1 1 1 1 1 1 1 1 1 1 1 1 1 1 1 1 1 1 1 1 1 1 1 1 1 1 1 1 1 1 1 1 1 1 1 1 1 1 1 1 1 1 1 1 1 1 25
25 1 24 24 24 24 24 24 24 24 24 24 24 1 1 1 1 1 1 1 1 1 1 1 1 1 1 1 1 1 1 24 24 24 24 24 24 24 24 24 1 1 1 1 1 1 1 1 1 1 1 1 1 1 1 1 1 1 1 1 1 1 1 1 1 1 1 1 1 1 1 1 1 1 1 1 1 1 1 1 1 1 1 1 1 1 1 1 1 1 1 1 1 1 1 1 1 1 1 25
25 1 24 24 24 24 24 24 24 24 24 24 24 1 1 1 1 1 1 1 1 1 1 1 1 1 1 1 1 1 1 24 24 24 24 24 24 24 24 24 1 1 1 1 1 1 1 1 1 1 1 1 1 1 1 1 1 1 1 1 1 1 1 1 1 1 1 1 1 1 1 1 1 1 1 1 1 1 1 1 1 1 1 1 1 1 1 1 1 1 1 1 1 1 1 1 1 1 1 25
25 1 24 24 24 24 24 24 24 24 24 24 24 1 1 1 1 1 1 1 1 1 1 1 1 1 1 1 1 1 1 24 24 24 24 24 24 24 24 24 1 1 1 1 1 1 1 1 1 1 1 1 1 1 1 1 1 1 1 1 1 1 1 1 1 1 1 1 1 1 1 1 1 1 1 1 1 1 1 1 1 1 1 1 1 1 1 1 1 1 1 1 1 1 1 1 1 1 1 25
25 1 24 24 24 24 24 24 24 24 24 24 24 1 1 1 1 1 1 1 1 1 1 1 1 1 1 1 1 1 1 24 24 24 24 24 24 24 24 24 1 1 1 1 1 1 1 1 1 1 1 1 1 1 1 1 1 1 1 1 1 1 1 1 1 1 1 1 1 1 1 1 1 1 1 1 1 1 1 1 1 1 1 1 1 1 1 1 1 1 1 1 1 1 1 1 1 1 1 25
25 1 24 24 24 24 24 24 24 24 24 24 24 1 1 1 1 1 1 1 1 1 1 1 1 1 1 1 1 1 1 24 24 24 24 24 24 24 24 24 1 1 1 1 1 1 1 1 1 1 1 1 1 1 1 1 1 1 1 1 1 1 1 1 1 1 1 1 1 1 1 1 1 1 1 1 1 1 1 1 1 1 1 1 1 1 1 1 1 1 1 1 1 1 1 1 1 1 1 25
25 1 24 24 24 24 24 24 24 24 24 24 24 1 1 1 1 1 1 1 1 1 1 1 1 1 1 1 1 1 1 24 24 24 24 24 24 24 24 24 1 1 1 1 1 1 1 1 1 1 1 1 1 1 1 1 1 1 1 1 1 1 1 1 1 1 1 1 1 1 1 1 1 1 1 1 1 1 1 1 1 1 1 1 1 1 1 1 1 1 1 1 1 1 1 1 1 1 1 25
25 1 24 24 24 24 24 24 24 24 24 24 24 24 24 24 24 1 1 1 24 24 24 24 24 1 1 1 1 1 1 24 24 24 24 24 24 24 24 24 1 1 1 1 1 1 1 1 1 1 1 1 1 1 1 1 1 1 1 1 1 1 1 1 1 1 1 1 1 1 1 1 1 1 1 1 1 1 1 1 1 1 1 1 1 1 1 1 1 1 1 1 1 1 1 1 1 1 1 25
25 1 24 24 24 24 24 24 24 24 24 24 24 24 24 24 24 1 1 1 24 24 24 24 24 1 1 1 1 1 1 1 1 1 1 1 1 1 1 1 1 1 1 1 1 1 1 1 1 1 1 1 1 1 1 1 1 1 1 1 1 1 1 1 1 1 1 1 1 50 50 1 1 1 1 1 1 1 1 1 1 1 1 1 1 1 1 1 1 1 1 1 1 1 1 1 1 1 1 25
25 1 24 24 24 24 24 24 24 24 24 24 24 24 24 24 24 1 1 1 24 24 24 24 24 1 1 1 1 1 1 1 1 1 1 1 1 1 1 1 1 1 1 1 1 1 1 1 1 1 1 1 1 1 1 1 1 1 1 1 1 1 1 1 1 1 1 1 1 1 1 1 1 1 1 1 1 1 1 1 1 1 1 1 1 1 1 1 1 1 1 1 1 1 1 1 1 1 1 25
25 1 24 24 24 24 24 24 24 24 24 24 24 24 24 24 24 1 1 1 24 24 24 24 24 1 1 1 1 1 1 1 1 1 1 1 1 1 1 1 1 1 1 1 1 1 1 1 1 1 1 1 1 1 1 1 1 1 1 1 1 1 1 1 1 1 1 1 1 1 1 1 1 1 1 1 1 1 1 1 1 1 1 1 1 1 1 1 1 1 1 1 1 1 1 1 1 1 1 25
25 1 1 1 1 1 1 1 1 1 1 24 24 24 24 24 24 1 1 1 24 24 24 24 24 1 1 1 1 1 1 1 1 1 1 1 1 1 1 1 1 1 1 1 1 1 1 1 1 1 1 1 1 1 1 1 1 1 1 1 1 1 1 1 1 1 1 1 1 1 1 1 1 1 1 1 1 1 1 1 1 1 1 1 1 1 1 1 1 1 1 1 1 1 1 1 1 1 1 25
25 1 1 1 1 1 1 1 1 1 1 24 24 24 24 24 24 1 1 1 24 24 24 24 24 1 1 1 1 1 1 1 1 1 1 1 1 1 1 1 1 1 1 1 1 1 1 1 1 1 1 1 1 1 1 1 1 1 1 1 1 1 49 1 1 50 1 1 1 1 1 1 1 1 1 1 1 1 1 1 1 1 1 1 1 1 1 1 1 1 1 1 1 1 1 1 1 1 1 25
25 1 1 1 1 1 1 1 1 1 1 24 24 24 24 24 24 1 1 1 1 1 1 1 1 1 1 1 1 1 1 1 1 1 1 1 1 1 1 1 1 1 1 1 1 1 1 1 1 1 1 1 1 1 1 1 1 1 1 1 1 1 1 1 1 1 1 1 1 1 1 1 1 1 1 1 1 1 1 1 1 1 1 1 1 1 1 1 1 1 1 1 1 1 1 1 1 1 1 25
25 1 1 1 1 1 1 1 1 1 1 24 24 24 24 24 24 1 1 1 1 1 1 1 1 1 1 1 1 1 1 1 1 1 1 1 1 1 1 1 1 1 1 1 1 1 1 49 1 1 1 1 1 1 1 1 1 1 1 1 1 1 1 1 1 1 1 1 1 1 1 1 1 1 1 1 1 1 1 1 1 1 1 1 1 50 1 1 1 1 1 1 1 1 1 1 1 1 1 25
25 1 1 1 1 1 1 1 1 1 1 24 24 24 24 24 24 1 1 1 24 24 24 24 24 1 1 1 1 1 1 1 1 1 1 1 1 1 1 1 1 1 1 1 1 1 1 1 1 1 1 1 1 1 1 1 1 1 1 1 101 102 101 102 1 1 1 1 1 1 1 1 1 1 1 1 1 1 1 1 1 1 1 1 1 1 1 1 1 1 1 1 1 1 1 1 1 1 1 25
25 1 1 1 1 1 1 1 1 1 1 24 24 24 24 24 24 1 1 1 24 24 24 24 24 1 1 1 1 1 1 1 1 1 1 1 1 1 1 1 1 1 1 1 1 1 1 1 1 1 1 1 1 1 1 1 1 1 101 100 117 117 117 117 103 101 1 1 1 1 1 1 101 102 101 102 101 102 101 1 1 1 1 1 1 1 1 1 1 1 1 1 1 1 1 1 1 1 1 25
25 1 1 1 1 1 1 1 1 1 1 24 24 24 24 24 24 1 1 1 24 24 24 24 24 1 1 1 1 1 1 1 1 1 1 1 1 1 1 1 1 1 1 1 1 1 1 1 1 1 1 1 1 1 1 1 1 100 117 117 117 117 117 117 117 117 103 101 102 101 102 100 117 117 117 117 117 117 117 103 101 102 1 1 1 1 1 1 1 1 1 1 1 1 1 1 1 1 1 25
25 1 1 1 1 1 1 1 1 1 1 24 24 24 24 24 24 1 1 1 24 24 24 24 24 1 1 1 1 1 1 1 1 1 1 1 1 1 1 1 1 1 1 1 1 1 1 1 101 102 1 1 1 1 101 101 100 117 117 117 117 117 117 117 117 151 148 117 117 117 117 117 117 117 117 117 117 117 117 117 117 117 103 101 1 1 1 1 1 50 50 1 1 1 49 1 1 1 1 25
25 1 1 1 1 1 1 1 1 1 1 24 24 24 24 24 24 1 1 1 24 24 24 24 24 1 1 1 1 1 1 1 1 1 1 1 1 1 1 1 1 1 1 1 1 1 101 100 117 117 103 101 101 100 117 117 117 117 117 117 117 117 117 117 117 119 100 151 149 148 117 117 151 149 148 117 117 117 117 117 117 117 117 117 103 101 1 1 1 1 1 1 1 1 1 1 1 1 1 25
25 1 1 1 1 1 1 1 1 1 1 24 24 24 24 24 24 1 1 1 24 24 24 24 24 1 1 1 1 1 1 1 1 1 1 1 1 1 1 1 1 1 1 1 1 100 117 117 117 117 117 117 117 117 117 117 117 117 117 117 117 117 151 148 117 136 151 166 164 1 149 150 1 1 1 149 150 148 117 117 117 117 117 117 117 117 103 101 1 1 1 1 1 1 1 1 1 1 1 25
25 1 1 1 1 1 1 1 1 1 1 24 24 24 24 24 24 1 1 1 24 24 24 24 24 1 1 1 1 1 1 1 1 1 1 1 1 1 1 1 1 1 1 1 116 117 151 148 117 117 117 117 117 117 117 117 117 117 117 117 117 151 50 101 137 102 100 135 1 1 1 1 101 102 101 1 1 49 148 117 117 117 117 117 117 117 117 117 135 1 1 1 1 1 1 1 1 1 1 25
25 1 1 1 1 1 1 1 1 1 1 24 24 24 24 24 24 1 1 1 24 24 24 24 24 1 1 1 1 1 1 1 1 1 1 1 1 1 49 1 1 1 1 1 100 117 135 132 117 117 117 151 148 151 149 148 117 117 117 117 151 1 100 117 117 117 117 103 101 102 101 100 117 117 117 103 101 1 1 148 117 117 117 117 117 117 117 117 103 1 1 1 1 1 1 1 1 1 1 25
25 1 1 1 1 1 1 1 1 1 1 24 24 24 24 24 24 1 1 1 24 24 24 24 24 1 1 1 1 1 1 1 1 1 1 1 1 1 1 1 1 1 1 116 117 117 103 1 165 149 148 135 1 1 49 1 148 117 117 117 135 100 117 117 117 117 117 117 117 117 117 117 117 117 117 117 117 103 102 116 117 117 117 117 117 117 117 117 117 119 1 1 1 1 1 1 1 1 1 25
25 1 1 1 1 1 1 1 1 1 1 24 24 24 24 24 24 1 1 1 24 24 24 24 24 1 1 1 1 1 1 1 1 1 1 1 1 1 1 1 1 1 1 132 117 117 117 103 101 102 101 102 167 101 1 50 116 117 151 149 100 117 117 117 117 117 117 117 117 117 117 117 117 117 117 117 117 117 117 103 148 117 117 117 117 117 117 117 117 135 1 1 1 1 1 1 1 1 1 25
25 1 1 1 1 1 1 1 1 1 1 24 24 24 24 24 24 1 1 1 24 24 24 24 24 1 1 1 1 1 1 1 1 1 1 1 1 1 1 1 1 1 1 116 117 117 117 117 117 117 117 117 117 117 103 102 132 117 164 100 117 117 117 117 117 24 24 117 117 117 117 117 117 117 117 117 117 117 117 117 136 117 117 117 117 117 117 117 117 119 1 1 1 1 1 1 1 49 1 25
25 1 1 1 1 1 1 1 1 1 1 24 24 24 24 24 24 1 1 1 24 24 24 24 24 1 1 1 1 1 1 1 1 1 1 1 1 1 1 1 1 1 1 132 117 117 117 117 117 117 117 117 117 117 117 117 135 148 136 151 148 117 117 117 117 24 24 117 117 117 117 117 117 117 117 117 117 117 117 151 1 148 117 117 117 117 117 117 117 103 1 1 1 1 1 1 1 1 1 25
25 1 1 1 1 1 1 1 1 1 1 24 24 24 24 24 24 1 1 1 24 24 24 24 24 1 1 1 1 1 1 1 1 1 1 1 1 1 1 1 1 1 1 116 117 117 117 117 117 117 117 117 117 117 117 117 103 101 102 1 166 117 117 117 117 24 24 149 148 151 148 117 117 117 151 150 149 149 150 100 164 132 117 117 117 117 117 117 117 117 103 1 1 1 1 1 1 1 1 25
25 1 1 1 1 1 1 1 1 1 1 24 24 24 24 24 24 1 1 1 24 24 24 24 24 1 1 1 1 1 1 1 1 1 1 1 1 1 1 1 1 1 1 132 117 117 117 117 117 117 117 117 117 117 117 117 117 117 117 103 100 117 117 117 117 24 24 116 103 1 132 117 117 151 1 101 102 101 1 149 50 100 117 117 117 117 117 117 117 117 117 103 1 1 1 1 1 1 1 25
25 1 1 1 1 1 1 1 1 1 1 24 24 24 24 24 24 1 1 1 24 24 24 24 24 1 1 1 1 1 1 1 1 1 1 1 1 1 1 1 1 1 1 116 117 117 117 117 117 117 117 117 117 117 117 117 117 117 117 117 117 117 117 117 117 164 1 100 117 103 100 117 117 103 132 117 151 150 1 1 132 117 117 117 117 117 117 117 117 117 117 117 119 1 1 1 1 1 1 25
25 1 1 1 1 1 1 1 1 1 1 24 24 24 24 24 24 1 1 1 24 24 24 24 24 1 1 1 1 1 1 1 1 1 1 1 1 1 1 1 1 1 1 132 117 117 117 117 117 117 117 117 117 117 117 117 117 117 117 117 117 117 117 117 117 103 100 117 117 117 117 117 117 117 136 151 1 100 103 102 100 117 117 117 117 117 117 117 117 117 117 117 119 1 1 1 1 1 1 25
25 1 1 1 1 1 1 1 1 1 1 24 24 24 24 24 24 1 1 1 24 24 24 24 24 1 1 1 1 1 1 1 1 1 1 1 1 1 1 1 1 1 1 116 117 117 117 117 117 117 117 117 117 117 117 117 117 117 117 117 117 117 117 117 117 117 117 117 117 117 151 149 148 117 164 167 100 117 117 117 117 117 117 117 117 117 117 117 117 117 117 117 135 1 1 1 1 1 1 25
25 1 1 1 1 1 1 1 1 1 1 24 24 24 24 24 24 1 1 1 24 24 24 24 24 1 1 1 1 1 1 1 1 1 1 1 1 1 1 1 1 1 1 132 117 117 117 117 117 117 117 117 117 117 117 117 117 117 117 117 117 117 117 117 117 117 117 117 117 117 103 50 100 151 100 117 117 117 117 117 117 117 117 117 117 117 117 117 117 117 117 117 119 1 1 1 1 1 1 25
25 1 1 1 1 1 1 1 1 1 1 24 24 24 24 24 24 1 1 1 24 24 24 24 24 1 1 1 1 1 1 1 1 1 1 1 1 1 1 1 1 1 1 116 117 117 117 117 117 117 117 117 117 117 117 117 117 117 117 117 117 117 117 117 117 117 117 117 117 117 117 135 149 116 117 117 117 117 117 117 117 117 117 117 117 117 117 117 117 117 117 117 135 1 1 1 1 1 1 25
25 1 1 1 1 1 1 1 1 1 1 24 24 24 24 24 24 1 1 1 24 24 24 24 24 1 1 1 1 1 1 1 1 1 1 1 1 1 1 1 1 1 1 132 117 117 117 117 117 117 117 117 117 117 117 117 117 117 117 117 117 117 117 117 151 149 148 117 117 117 151 116 103 132 117 117 117 117 117 117 117 117 117 117 117 117 117 117 117 117 117 151 1 1 1 1 1 1 1 25
25 1 1 1 1 1 1 1 1 1 1 24 24 24 24 24 24 1 1 1 24 24 24 24 24 1 1 1 1 1 1 1 1 1 1 1 1 1 49 1 1 1 1 116 117 117 117 117 117 117 117 117 117 117 117 117 117 117 117 117 117 117 117 151 1 1 102 149 148 117 103 49 137 132 117 117 117 117 117 117 117 117 117 117 117 117 117 117 117 117 151 1 1 1 1 1 1 1 1 25
25 1 1 1 1 1 1 1 1 1 1 24 24 24 24 24 24 1 1 1 24 24 24 24 24 1 1 1 1 1 1 1 1 1 1 1 1 1 1 1 1 1 1 1 149 148 117 117 117 117 117 117 117 117 117 117 117 117 117 117 117 117 151 1 1 100 117 103 102 149 150 1 137 100 117 117 117 117 117 117 117 117 117 117 117 117 117 117 117 151 1 1 1 1 1 1 1 1 1 25
25 1 1 1 1 1 1 1 1 1 1 24 24 24 24 24 24 1 1 1 24 24 24 24 24 1 1 1 1 1 1 1 1 1 1 1 1 1 1 1 1 1 1 1 1 1 149 150 149 150 149 150 148 117 117 117 117 117 117 117 117 151 49 101 100 117 117 117 117 103 102 100 117 117 117 117 117 117 117 117 117 117 117 151 150 149 150 149 150 1 1 1 1 1 1 1 1 1 1 25
25 1 1 1 1 1 1 1 1 1 1 24 24 24 24 24 24 1 1 1 24 24 24 24 24 1 1 1 1 1 1 1 1 1 1 1 1 1 1 1 1 1 1 1 1 1 1 1 1 1 1 1 1 148 117 117 117 117 117 117 117 135 1 148 117 117 117 117 117 117 117 117 117 117 117 117 117 117 117 117 117 117 151 1 1 1 1 1 1 1 1 1 1 1 1 1 1 1 1 25
25 1 1 1 1 1 1 1 1 1 1 24 24 24 24 24 24 1 1 1 24 24 24 24 24 1 1 1 1 1 1 1 1 1 1 1 1 1 1 1 1 1 1 1 1 50 1 1 1 1 1 1 1 100 117 117 117 117 117 117 151 100 103 102 150 148 117 117 117 117 117 117 117 117 117 117 117 117 117 117 117 151 1 1 1 1 1 1 1 1 1 1 1 1 1 1 1 1 1 25
25 1 1 1 1 1 1 1 1 1 1 24 24 24 24 24 24 1 1 1 24 24 24 24 24 1 1 1 1 1 1 1 1 1 1 1 1 1 1 1 1 1 1 1 1 1 1 1 1 1 1 1 1 148 117 117 117 117 117 151 100 117 117 151 1 1 148 117 151 150 149 150 149 148 117 117 117 117 117 117 151 1 1 1 1 1 1 1 1 49 1 1 1 1 1 1 1 1 1 25
25 1 1 1 1 1 1 1 1 1 1 1 1 1 1 1 1 1 1 1 1 1 1 1 1 1 1 1 1 1 1 1 1 1 1 1 1 1 1 1 1 1 1 1 1 1 1 1 1 1 1 1 1 1 149 150 148 117 117 136 117 117 117 119 1 1 1 149 1 1 1 1 1 1 149 150 149 150 149 150 1 1 1 1 1 1 1 1 1 1 1 1 1 1 1 1 1 1 1 25
25 1 1 1 1 1 1 1 1 1 1 1 1 1 1 1 1 1 1 1 1 1 1 1 1 1 1 1 1 1 1 1 1 1 1 1 1 1 1 1 1 1 1 1 1 1 1 1 1 1 1 1 1 1 1 1 132 117 151 1 148 117 117 135 1 1 1 1 1 1 1 1 1 1 1 1 1 1 1 1 1 1 1 1 1 1 1 1 1 1 1 1 1 1 1 1 1 1 1 25
25 1 1 1 1 1 1 1 1 1 1 1 1 1 1 1 1 1 1 1 1 1 1 1 1 1 1 1 1 1 1 1 1 1 1 1 1 1 1 1 1 1 49 49 1 1 1 1 1 1 49 1 1 1 1 1 1 149 1 1 1 149 150 1 1 1 1 1 1 1 1 1 1 1 1 1 1 1 1 1 1 1 1 1 1 1 1 1 1 1 1 1 1 1 1 1 1 1 1 25
25 1 1 1 1 1 1 1 1 1 1 1 1 1 1 1 1 1 1 1 1 1 1 1 1 1 1 1 1 1 1 1 1 1 1 1 1 1 1 1 1 1 1 1 1 1 1 1 1 1 1 1 1 1 1 1 1 1 1 1 1 1 1 1 1 1 1 1 1 50 1 1 1 1 1 1 1 1 1 1 1 1 49 1 1 1 1 1 1 1 1 1 1 1 1 1 1 1 1 25
25 1 1 1 1 1 1 1 1 1 1 1 1 1 1 1 1 1 1 1 1 1 1 1 1 1 1 1 1 1 1 1 1 1 1 1 1 1 1 1 1 1 1 1 1 1 1 1 1 1 1 1 1 50 1 1 1 1 1 1 1 1 1 1 1 1 1 1 1 1 1 1 49 1 1 1 1 1 1 1 1 1 1 1 1 1 1 1 1 1 1 1 1 1 1 1 1 1 1 25
25 1 1 1 1 1 1 1 1 1 1 1 1 1 1 1 1 1 1 1 1 1 1 1 1 1 1 1 1 1 1 1 1 1 1 1 1 1 1 1 1 1 1 1 1 1 1 1 1 1 1 1 1 1 1 1 1 1 50 1 1 1 1 1 1 1 1 1 1 1 1 1 1 1 1 1 1 1 1 1 1 1 1 1 1 1 1 1 1 1 1 1 1 1 1 1 1 1 1 25
25 1 1 1 1 1 1 1 1 1 1 1 1 1 1 1 1 1 1 1 1 1 1 1 1 1 1 1 1 1 1 1 1 1 1 1 1 1 1 1 1 1 1 1 1 1 1 1 1 1 1 1 1 1 1 1 1 1 1 1 1 1 1 1 1 1 1 1 1 1 1 1 1 1 1 1 1 1 1 1 1 1 1 1 1 1 1 1 1 1 1 1 1 1 1 1 1 1 1 25
25 1 1 1 1 1 1 1 1 1 1 1 1 1 1 1 1 1 1 1 1 1 1 1 1 1 1 1 1 1 1 1 1 1 1 1 1 1 1 1 1 1 1 1 1 1 1 1 1 1 1 1 1 1 1 1 1 1 1 1 1 1 1 1 1 1 1 1 1 1 1 1 1 1 1 1 1 1 1 1 1 1 1 1 1 1 1 1 1 1 1 1 1 1 1 1 1 1 1 25
25 1 1 1 1 1 1 1 1 1 1 1 1 1 1 1 1 1 1 1 1 1 1 1 1 1 1 1 1 1 1 1 1 1 1 1 1 1 1 1 1 1 1 1 1 1 1 1 1 1 1 1 1 1 1 1 1 1 1 1 1 1 1 1 1 1 1 1 1 1 1 1 1 1 1 1 1 1 1 1 1 1 1 1 1 1 1 1 1 1 1 1 1 1 1 1 1 1 1 25
25 24 24 24 24 24 24 24 24 24 24 24 24 24 24 24 24 24 24 24 24 24 24 24 24 24 24 24 24 24 24 24 24 24 24 24 24 24 24 24 24 24 24 24 24 24 24 24 24 24 24 24 24 24 24 24 24 24 24 24 24 24 24 24 24 24 24 24 24 24 24 24 24 24 24 24 24 24 24 24 24 24 24 24 24 24 1 1 24 24 24 24 24 24 24 24 24 24 24 25
25 24 24 24 24 24 24 24 24 24 24 24 24 24 24 24 24 24 24 24 24 24 24 24 24 24 24 24 24 24 24 24 24 24 24 24 24 24 24 24 24 24 24 24 24 24 24 24 24 24 24 24 24 24 24 24 24 24 24 24 24 24 24 24 24 24 24 24 24 24 24 24 24 24 24 24 24 24 24 24 24 24 24 24 24 24 24 24 24 24 24 24 24 24 24 24 24 24 24 25
25 24 24 24 24 24 24 24 24 24 24 24 24 24 24 24 24 24 24 24 24 24 24 24 24 24 24 24 24 24 24 24 24 24 24 24 24 24 24 24 24 24 24 24 24 24 24 24 24 24 24 24 24 24 24 24 24 24 24 24 24 24 24 24 24 24 24 24 24 24 24 24 24 24 24 24 24 24 24 24 24 24 24 24 24 24 24 24 24 24 24 24 24 24 24 24 24 24 24 25
25 24 24 24 24 24 24 24 24 24 24 24 24 24 24 24 24 24 24 24 24 24 24 24 24 24 24 24 24 24 24 24 24 24 24 24 24 24 24 24 24 24 24 24 24 24 24 24 24 24 24 24 24 24 24 24 24 24 24 24 24 24 24 24 24 24 24 24 24 24 24 24 24 24 24 24 24 24 24 24 24 24 24 24 24 24 24 24 24 24 24 24 24 24 24 24 24 24 24 25
25 24 24 24 24 24 24 24 24 24 24 24 24 24 24 24 24 24 24 24 24 24 24 24 24 24 24 24 24 24 24 24 24 24 24 24 24 24 24 24 24 24 24 24 24 24 24 24 24 24 24 24 24 24 24 24 24 24 24 24 24 24 24 24 24 24 24 24 24 24 24 24 24 24 24 24 24 24 24 24 24 24 24 24 24 24 24 24 24 24 24 24 24 24 24 24 24 24 24 25
25 24 24 24 24 24 24 24 24 24 24 24 24 24 24 24 24 24 24 24 24 24 24 24 24 24 24 24 24 24 24 24 24 24 24 24 24 24 24 24 24 24 24 24 24 24 24 24 24 24 24 24 24 24 24 24 24 24 24 24 24 24 24 24 24 24 24 24 24 24 24 24 24 24 24 24 24 24 24 24 24 24 24 24 24 24 24 24 24 24 24 24 24 24 24 24 24 24 24 25
25 24 24 24 24 24 24 24 24 24 24 24 24 24 24 24 24 24 24 24 24 24 24 24 24 24 24 24 24 24 24 24 24 24 24 24 24 24 24 24 24 24 24 24 24 24 24 24 24 24 24 24 24 24 24 24 24 24 24 24 24 24 24 24 24 24 24 24 24 24 24 24 24 24 24 24 24 24 24 24 24 24 24 24 24 24 24 24 24 24 24 24 24 24 24 24 24 24 24 25
25 24 24 24 24 24 24 24 24 24 24 24 24 24 24 24 24 24 24 24 24 24 24 24 24 24 24 24 24 24 24 24 24 24 24 24 24 24 24 24 24 24 24 24 24 24 24 24 24 24 24 24 24 24 24 24 24 24 24 24 24 24 24 24 24 24 24 24 24 24 24 24 24 24 24 24 24 24 24 24 24 24 24 24 24 24 24 24 24 24 24 24 24 24 24 24 24 24 24 25
25 24 24 24 24 24 24 24 24 24 24 24 24 24 24 24 24 24 24 24 24 24 24 24 24 24 24 24 24 24 24 24 24 24 24 24 24 24 24 24 24 24 24 24 24 24 24 24 24 24 24 24 24 24 24 24 24 24 24 24 24 24 24 24 24 24 24 24 24 24 24 24 24 24 24 24 24 24 24 24 24 24 24 24 24 24 24 24 24 24 24 24 24 24 24 24 24 24 24 25
25 24 24 24 24 24 24 24 24 24 24 24 24 24 24 24 24 24 24 24 24 24 24 24 24 24 24 24 24 24 24 24 24 24 24 24 24 24 24 24 24 24 24 24 24 24 24 24 24 24 24 24 24 24 24 24 24 24 24 24 24 24 24 24 24 24 24 24 24 24 24 24 24 24 24 24 24 24 24 24 24 24 24 24 24 24 24 24 24 24 24 24 24 24 24 24 24 24 24 25
25 24 24 24 24 24 24 24 24 24 24 24 24 24 24 24 24 24 24 24 24 24 24 24 24 24 24 24 24 24 24 24 24 24 24 24 24 24 24 24 24 24 24 24 24 24 24 24 24 24 24 24 24 24 24 24 24 24 24 24 24 24 24 24 24 24 24 24 24 24 24 24 24 24 24 24 24 24 24 24 24 24 24 24 24 24 24 24 24 24 24 24 24 24 24 24 24 24 24 25
25 24 24 24 24 24 24 24 24 24 24 24 24 24 24 24 24 24 24 24 24 24 24 24 24 24 24 24 24 24 24 24 24 24 24 24 24 24 24 24 24 24 24 24 24 24 24 24 24 24 24 24 24 24 24 24 24 24 24 24 24 24 24 24 24 24 24 24 24 24 24 24 24 24 24 24 24 24 24 24 24 24 24 24 24 24 24 24 24 24 24 24 24 24 24 24 24 24 24 25
25 24 24 24 24 24 24 24 24 24 24 24 24 24 24 24 24 24 24 24 24 24 24 24 24 24 24 24 24 24 24 24 24 24 24 24 24 24 24 24 24 24 24 24 24 24 24 24 24 24 24 24 24 24 24 24 24 24 24 24 24 24 24 24 24 24 24 24 24 24 24 24 24 24 24 24 24 24 24 24 24 24 24 24 24 24 14 15 24 24 24 24 24 24 24 24 24 24 24 25
25 24 24 24 24 24 24 24 24 24 24 24 24 24 24 24 24 24 24 24 24 24 24 24 24 24 24 24 24 24 24 24 24 24 24 24 24 24 24 24 24 24 24 24 24 24 24 24 24 24 24 24 24 24 24 24 24 24 24 24 24 24 24 24 24 24 24 24 24 24 24 24 24 24 24 24 24 24 24 24 24 24 24 24 24 24 30 31 24 24 24 24 24 24 24 24 24 24 24 25
25 24 24 24 24 24 24 24 24 24 24 24 24 24 24 24 24 24 24 24 24 24 24 24 24 24 24 24 24 24 24 24 24 24 24 24 24 24 24 24 24 24 24 24 24 24 24 24 24 24 24 24 24 24 24 24 24 24 24 24 24 24 24 24 24 24 24 24 24 24 24 24 24 24 24 24 24 24 24 24 24 24 24 24 24 24 46 47 24 24 24 24 24 24 24 24 24 24 24 25
25 1 1 24 24 24 24 24 24 24 24 24 24 24 24 24 24 1 1 1 1 1 1 1 1 1 1 1 1 1 1 1 1 1 1 1 1 1 1 24 24 1 1 1 1 1 1 1 1 1 1 1 24 1 1 1 1 1 1 1 1 1 1 1 1 1 1 1 1 1 1 1 1 1 1 1 1 1 1 1 1 1 1 1 1 1 1 1 1 1 1 1 1 1 1 1 1 1 1 25
25 1 1 24 24 24 24 24 24 24 24 24 24 24 24 24 24 1 1 1 1 1 1 1 1 1 1 1 1 1 1 1 1 1 1 1 1 1 1 24 24 1 1 1 1 1 1 1 1 1 1 1 24 1 1 1 1 1 1 1 1 1 1 1 1 1 1 1 1 1 1 1 1 1 1 1 1 1 1 1 1 1 1 1 1 1 1 1 1 1 1 1 1 1 1 1 1 1 1 25
25 1 1 24 24 24 24 24 24 24 24 24 24 24 24 24 24 1 1 1 1 1 1 1 1 1 1 1 1 1 1 1 1 1 1 1 1 1 1 24 24 1 1 1 1 1 1 1 1 1 1 1 24 1 1 1 1 1 1 24 24 24 24 24 24 24 24 24 24 24 24 24 24 24 24 24 24 24 24 24 24 1 1 1 1 1 1 1 1 1 1 1 1 1 1 1 1 1 1 25
25 1 1 24 24 24 24 24 24 24 24 24 24 24 24 24 24 1 1 1 1 1 1 1 1 1 1 1 1 1 1 1 1 1 1 1 1 1 1 24 24 1 1 1 1 1 1 1 1 1 1 1 24 1 1 1 1 1 1 1 1 1 1 1 1 1 1 1 1 1 1 1 1 1 1 1 1 1 1 1 1 1 1 1 1 1 1 1 1 1 1 1 1 1 1 1 1 1 1 25
25 1 1 24 24 24 24 24 24 24 24 24 24 24 24 24 24 1 1 1 1 1 1 1 1 1 1 1 1 1 1 1 1 1 1 1 1 1 1 24 24 1 1 1 1 1 1 1 1 1 1 1 24 1 1 1 1 1 1 1 1 1 1 1 1 1 1 1 1 1 1 1 1 1 1 1 1 1 1 1 1 1 1 1 1 1 1 1 1 1 1 1 1 1 1 1 1 1 1 25
25 1 1 24 24 24 24 24 24 24 24 24 24 24 24 24 24 1 1 1 1 1 1 1 1 1 1 1 1 1 1 1 1 1 1 1 1 1 1 24 24 1 1 1 1 1 1 1 1 1 1 1 24 1 1 1 1 1 1 24 24 24 24 24 24 24 24 24 24 24 24 24 24 24 24 24 24 24 24 24 24 1 1 1 1 1 1 1 1 1 1 1 1 1 1 1 1 1 1 25
25 1 1 24 24 24 24 24 24 24 24 24 24 24 24 24 24 1 1 1 1 1 1 1 1 1 1 1 1 1 1 1 1 1 1 1 1 1 1 24 24 1 1 1 1 1 1 1 1 1 1 1 24 1 1 1 1 1 1 1 1 1 1 1 1 1 1 1 1 1 1 1 1 1 1 1 1 1 1 1 1 1 1 1 1 1 1 1 1 1 1 1 1 1 1 1 1 1 1 25
25 1 1 24 24 24 24 24 24 24 24 24 24 24 24 24 24 1 1 1 1 1 1 1 1 1 1 1 1 1 1 1 1 1 1 1 1 1 1 24 24 1 1 1 1 1 1 1 1 1 1 1 24 1 1 1 1 1 1 1 1 1 1 1 1 1 1 1 1 1 1 1 1 1 1 1 1 1 1 1 1 1 1 1 1 1 1 1 1 1 1 1 1 1 1 1 1 1 1 25
25 1 1 24 24 24 24 24 24 24 24 24 24 24 24 24 24 1 1 1 1 1 1 1 1 1 1 1 1 1 1 1 1 1 1 1 1 1 1 24 24 1 1 1 1 1 1 1 1 1 1 1 24 1 1 1 1 1 1 1 1 1 1 1 1 1 1 1 1 1 1 1 1 1 1 1 1 1 1 1 1 1 1 1 1 1 1 1 1 1 1 1 1 1 1 1 1 1 1 25
25 1 1 24 24 24 24 24 24 24 24 24 24 24 24 24 24 1 1 1 1 1 1 1 1 1 1 1 1 1 1 1 1 1 1 1 1 1 1 24 24 1 1 1 1 1 1 1 1 1 1 1 24 1 1 1 1 1 1 24 24 24 24 24 24 24 24 24 24 24 24 24 24 24 24 24 24 24 24 24 24 1 1 1 1 1 1 1 1 1 1 1 1 1 1 1 1 1 1 25
25 1 1 24 24 24 24 24 24 24 24 24 24 24 24 24 24 1 1 1 1 1 1 1 1 1 1 1 1 1 1 1 1 1 1 1 1 1 1 24 24 1 1 1 1 1 1 1 1 1 1 1 24 1 1 1 1 1 1 1 1 1 1 1 1 1 1 1 1 1 1 1 1 1 1 1 1 1 1 1 1 1 1 1 1 1 1 1 1 1 1 1 1 1 1 1 1 1 1 25
25 1 1 1 1 1 1 1 1 1 1 1 1 1 1 1 1 1 1 1 1 1 1 1 1 1 1 1 1 1 1 1 1 1 1 1 1 1 1 24 24 1 1 1 1 1 1 1 1 1 1 1 24 1 1 1 1 1 1 1 1 1 1 1 1 1 1 1 1 1 1 1 1 1 1 1 1 1 1 1 1 1 1 1 1 1 1 1 1 1 1 1 1 1 1 1 1 1 1 25
25 1 1 1 1 1 1 1 1 1 1 1 1 1 1 1 1 1 1 1 1 1 1 1 1 1 1 1 1 1 1 1 1 1 1 1 1 1 1 24 24 1 1 1 1 1 1 1 1 1 1 1 24 1 1 1 1 1 1 1 1 1 1 1 1 1 1 1 1 1 1 1 1 1 1 1 1 1 1 1 1 1 1 1 1 1 1 1 1 1 1 1 1 1 1 1 1 1 1 25
25 1 1 1 1 1 1 1 1 1 1 1 1 1 1 1 1 1 1 1 1 1 1 1 1 1 1 1 1 1 1 1 1 1 1 1 1 1 1 24 24 1 1 1 1 1 1 1 1 1 1 1 24 1 1 1 1 1 1 1 1 1 1 1 1 1 1 1 1 1 1 1 1 1 1 1 1 1 1 1 1 1 1 1 1 1 1 1 1 1 1 1 1 1 1 1 1 1 1 25
25 1 1 1 1 1 1 1 1 1 1 1 1 1 1 1 1 1 1 1 1 1 1 1 1 1 1 1 1 1 1 1 1 1 1 1 1 1 1 24 24 1 1 1 1 1 1 1 1 1 1 1 24 1 1 1 1 1 1 24 24 24 24 24 24 24 24 24 24 24 24 24 24 24 24 24 24 24 24 24 24 1 1 1 1 1 1 1 1 1 1 1 1 1 1 1 1 1 1 25
25 1 1 1 1 1 1 1 1 1 1 1 1 1 1 1 1 1 1 1 1 1 1 1 1 1 1 1 1 1 1 1 1 1 117 117 1 1 1 24 24 1 1 1 1 1 1 1 1 1 1 1 24 1 1 1 1 1 1 1 1 1 1 1 1 1 1 1 1 1 1 1 1 1 1 1 1 1 1 1 1 1 1 1 1 1 1 1 1 1 1 1 1 1 1 1 1 1 1 25
25 1 1 1 1 1 1 1 1 1 1 1 1 1 1 1 1 1 1 1 1 1 1 1 1 1 1 1 1 24 24 24 24 24 117 117 24 24 24 24 24 1 1 1 1 1 1 1 1 1 1 1 24 1 1 1 1 1 1 1 1 1 1 1 1 1 1 1 1 1 1 1 1 1 1 1 1 1 1 1 1 1 1 1 1 1 1 1 1 1 1 1 1 1 1 1 1 1 1 25
25 1 1 1 1 1 1 1 1 1 1 1 1 1 1 1 1 1 1 1 1 1 1 1 1 1 1 1 24 24 24 24 24 24 117 117 24 24 24 24 24 1 1 1 1 1 1 1 1 1 1 1 24 1 1 1 1 1 1 1 1 1 1 1 1 1 1 1 1 1 1 1 1 1 1 1 1 1 1 1 1 1 1 1 1 1 1 1 1 1 1 1 1 1 1 1 1 1 1 25
25 1 1 1 1 1 1 1 1 1 1 1 1 1 1 1 1 1 1 1 1 1 1 1 1 1 1 1 24 24 24 24 24 24 117 117 24 24 24 24 24 1 1 1 1 1 1 1 1 1 1 1 24 1 1 1 1 1 1 1 1 1 1 1 1 1 1 1 1 1 1 1 1 1 1 1 1 1 1 1 1 1 1 1 1 1 1 1 1 1 1 1 1 1 1 1 1 1 1 25
25 1 1 1 1 1 1 1 1 1 1 1 1 1 1 1 1 1 1 1 1 1 1 1 1 1 1 24 24 24 24 24 24 24 117 117 24 24 24 24 24 1 1 1 1 1 1 1 1 1 1 1 24 1 1 1 1 1 1 1 1 1 1 1 1 1 1 1 1 1 1 1 1 1 1 1 1 1 1 1 1 1 1 1 1 1 1 1 1 1 1 1 1 1 1 1 1 1 1 25
25 1 1 1 1 1 1 1 1 1 1 1 1 1 1 1 1 1 1 1 1 1 1 1 1 1 1 24 24 24 24 24 24 24 117 117 24 24 24 24 24 1 1 1 1 1 1 1 1 1 1 1 24 1 1 1 1 1 1 1 1 1 1 1 1 1 1 1 1 1 1 1 1 1 1 1 1 1 1 1 1 1 1 1 1 1 1 1 1 1 1 1 1 1 1 1 1 1 1 25
25 1 1 1 1 1 1 1 1 1 1 1 1 1 1 1 1 1 1 1 1 1 1 1 1 1 24 24 24 24 24 24 24 24 117 117 24 24 24 24 24 1 1 1 1 1 1 1 1 1 1 1 24 1 1 1 1 1 1 1 1 1 1 1 1 1 1 1 1 1 1 1 1 1 1 1 1 1 1 1 1 1 1 1 1 1 1 1 1 1 1 1 1 1 1 1 1 1 1 25
25 1 1 1 1 1 1 1 1 1 1 1 1 1 1 1 1 1 1 1 1 1 1 1 1 1 24 24 24 24 24 24 24 24 117 117 24 24 24 24 24 1 1 1 1 1 1 1 1 1 1 1 24 1 1 1 1 1 1 1 1 1 1 1 1 1 1 1 1 1 1 1 1 1 1 1 1 1 1 1 1 1 1 1 1 1 1 1 1 1 1 1 1 1 1 1 1 1 1 25
25 1 1 1 1 1 1 1 1 1 1 1 1 1 1 1 1 1 1 1 1 1 1 1 1 24 24 24 24 24 24 24 24 24 117 117 24 24 24 24 24 1 1 1 1 1 1 1 1 1 1 1 24 24 1 1 1 1 1 1 1 1 1 1 1 1 1 1 1 1 1 1 1 1 1 1 1 1 1 1 1 1 1 1 1 1 1 1 1 1 1 1 1 1 1 1 1 1 1 25
25 1 1 1 1 1 1 1 1 1 1 1 1 1 1 1 1 1 1 1 1 1 1 1 1 24 24 24 24 24 24 24 24 24 117 117 24 24 24 24 24 1 1 1 1 1 1 1 1 1 1 1 24 24 24 24 1 1 1 1 1 1 1 1 1 1 1 1 1 1 1 1 1 1 1 1 1 1 1 1 1 1 1 1 1 1 1 1 1 1 1 1 1 1 1 1 1 1 1 25
25 1 1 1 1 1 1 1 1 1 1 1 1 1 1 1 1 1 1 1 1 1 1 1 24 24 24 24 24 24 24 24 24 24 117 117 24 24 24 24 24 1 1 1 1 1 1 1 1 1 1 1 24 24 24 24 24 24 1 1 1 1 1 1 1 1 1 1 1 1 1 1 1 1 1 1 1 1 1 1 1 1 1 1 1 1 1 1 1 1 1 1 1 1 1 1 1 1 1 25
25 1 1 1 1 1 1 1 1 1 1 1 1 1 1 1 1 1 1 1 1 1 1 1 24 24 24 24 24 24 24 24 24 24 117 117 24 24 24 24 24 1 1 1 1 1 1 1 1 1 1 1 24 24 24 24 24 24 24 24 1 1 1 1 1 1 1 1 1 1 1 1 1 1 1 1 1 1 1 1 1 1 1 1 1 1 1 1 1 1 1 1 1 1 1 1 1 1 1 25
25 1 1 1 1 1 1 1 1 1 1 1 1 1 1 1 1 1 1 1 1 1 1 24 24 24 24 24 24 1 1 1 1 1 117 117 1 1 1 1 1 1 1 1 1 1 1 1 1 1 1 1 1 1 24 24 24 24 24 24 24 24 1 1 1 1 1 1 1 1 1 1 1 1 1 1 1 1 1 1 1 1 1 1 1 1 1 1 1 1 1 1 1 1 1 1 1 1 1 25
25 1 1 1 1 1 1 1 1 1 1 1 1 1 1 1 1 1 1 1 1 1 1 24 24 24 24 24 1 1 1 1 1 1 1 1 1 1 1 1 1 1 1 1 1 1 1 1 1 1 1 1 1 1 1 1 24 24 24 24 24 24 24 24 1 1 1 1 1 1 1 1 1 1 1 1 1 1 1 1 1 1 1 1 1 1 1 1 1 1 1 1 1 1 1 1 1 1 1 25
25 1 1 1 1 1 1 1 1 1 1 1 1 1 1 1 1 1 1 1 1 1 24 24 24 24 24 24 1 1 1 1 1 1 1 1 1 1 1 1 1 1 1 1 1 1 1 1 1 1 1 1 1 1 1 1 1 1 24 24 24 24 24 24 24 24 1 1 1 1 1 1 1 1 1 1 1 1 1 1 1 1 1 1 1 1 1 1 1 1 1 1 1 1 1 1 1 1 1 25
25 1 1 1 1 1 1 1 1 1 1 1 1 1 1 1 1 1 1 1 1 1 24 24 24 24 24 1 1 1 1 1 1 1 1 1 1 1 1 1 50 50 1 1 1 1 1 1 1 1 1 49 1 1 1 1 1 1 1 1 24 24 24 24 24 24 24 24 1 1 1 1 1 1 1 1 1 1 1 1 1 1 1 1 1 1 1 1 117 117 1 1 1 1 1 1 1 1 1 25
25 1 1 1 1 1 1 1 1 1 1 1 1 1 1 1 1 1 1 1 1 24 24 24 24 24 24 1 1 1 1 1 1 1 1 1 1 1 1 1 1 1 1 1 1 1 1 1 1 1 1 1 1 1 1 1 1 1 1 1 1 1 24 24 24 24 24 24 24 24 24 24 24 24 24 24 24 24 24 24 24 24 24 24 24 24 24 24 117 117 24 24 24 24 24 24 24 24 24 25
25 1 1 1 1 1 1 1 1 1 1 1 1 1 1 1 1 1 1 1 1 24 24 24 24 24 1 1 1 1 1 1 1 1 1 1 1 1 1 1 1 1 1 1 1 1 1 1 1 1 1 1 1 1 1 1 1 1 1 1 1 1 1 1 24 24 24 24 24 24 24 24 24 24 24 24 24 24 24 24 24 24 24 24 24 24 24 24 117 117 24 24 24 24 24 24 24 24 24 25
25 24 24 24 24 24 24 24 24 24 24 24 24 24 24 24 24 24 24 24 24 24 24 24 24 24 1 1 1 1 1 1 1 1 1 1 1 50 1 1 1 1 1 1 1 1 1 1 1 1 1 1 1 1 1 1 1 1 1 1 1 1 1 1 1 1 24 24 24 24 24 24 24 24 24 24 24 24 24 24 24 24 24 24 24 24 24 24 117 117 24 24 24 24 24 24 24 24 24 25
25 24 24 24 24 24 24 24 24 24 24 24 24 24 24 24 24 24 24 24 24 24 24 24 24 1 1 1 1 1 1 49 50 1 1 1 1 1 1 1 1 1 1 1 1 1 1 1 1 1 50 1 1 1 1 1 50 1 1 1 1 1 1 1 1 1 1 1 24 24 24 24 24 24 24 24 24 24 24 24 24 24 24 24 24 24 24 24 117 117 24 24 24 24 24 24 24 24 24 25
25 24 24 24 24 24 24 24 24 24 24 24 24 24 24 24 24 24 24 24 24 24 24 24 24 1 1 1 1 1 1 1 1 1 1 1 1 1 1 1 1 1 1 1 1 1 1 1 1 1 1 1 1 1 1 1 1 1 1 1 1 1 1 1 1 1 1 1 1 1 1 1 1 1 1 1 1 1 1 1 1 1 1 1 1 1 1 1 117 117 1 1 1 1 1 1 1 1 1 25
25 24 24 24 24 24 24 24 24 24 24 24 24 24 24 24 24 24 24 24 24 24 24 24 1 1 1 1 1 1 1 1 1 1 1 1 1 1 1 1 1 1 101 102 101 102 101 102 1 1 1 1 1 1 1 1 1 1 1 49 1 1 1 1 1 1 1 1 1 1 1 1 1 1 1 1 1 1 1 1 1 1 1 1 1 1 1 1 1 1 1 1 1 1 1 1 1 1 1 25
25 24 24 24 24 24 24 24 24 24 24 24 24 24 24 24 24 24 24 24 24 24 24 24 1 1 1 1 1 50 1 1 1 1 1 1 1 101 102 101 102 100 117 117 117 117 117 117 103 101 102 101 102 1 1 1 1 1 1 1 1 1 1 1 1 1 1 1 1 1 1 1 1 1 1 1 1 1 1 1 1 1 1 50 1 1 1 1 1 1 1 1 1 1 1 1 1 1 1 25
25 24 24 24 24 24 24 24 24 24 24 24 24 24 24 24 24 24 24 24 24 24 24 1 1 1 1 1 1 50 1 1 1 1 101 102 100 117 117 117 117 117 117 117 117 117 117 117 117 117 117 117 117 103 102 1 1 1 1 1 1 1 1 50 1 1 1 1 1 1 1 1 1 1 1 1 1 1 1 1 1 1 1 1 1 1 1 1 1 1 1 1 1 1 1 1 1 1 1 25
25 24 24 24 24 24 24 24 24 24 24 24 24 24 24 24 24 24 24 24 24 24 24 1 1 1 1 1 1 1 1 1 1 100 117 117 117 117 117 117 117 117 117 117 117 117 117 117 117 117 117 117 117 117 117 103 1 1 1 1 1 1 1 1 1 1 1 1 1 1 1 1 1 1 1 1 1 1 1 1 1 1 1 1 1 1 1 1 1 1 1 1 1 1 1 1 1 1 1 25
25 24 24 24 24 24 24 24 24 24 24 24 24 24 24 24 24 24 24 24 24 24 1 1 1 1 1 1 1 1 1 1 100 117 117 117 117 117 117 117 117 117 117 117 117 117 117 117 117 117 117 117 117 117 117 117 103 101 1 1 1 1 1 1 1 1 1 1 24 24 24 24 24 24 24 24 24 24 24 24 1 1 1 1 1 1 1 1 1 1 1 1 1 1 1 1 1 1 1 25
25 24 24 24 24 24 24 24 24 24 24 24 24 24 24 24 24 24 24 24 24 24 1 1 1 1 1 1 1 1 1 100 117 117 117 117 117 117 117 117 117 117 117 117 117 117 117 117 117 117 117 117 117 117 117 117 117 117 103 1 1 1 1 1 1 1 1 1 24 24 24 24 24 24 24 24 24 24 24 24 1 1 1 1 1 1 1 1 1 1 1 1 1 1 1 1 1 1 1 25
25 24 24 24 24 24 24 24 24 24 24 24 24 24 24 24 24 24 24 24 24 1 1 1 1 1 1 1 1 1 116 117 117 117 117 117 117 117 117 117 117 117 117 117 24 24 117 117 117 117 117 117 117 117 117 117 117 117 117 103 1 1 1 1 1 1 1 1 24 24 24 24 24 24 24 24 24 24 24 24 1 1 1 1 1 1 1 1 1 1 1 1 1 1 1 1 1 50 1 25
25 24 24 24 24 24 24 24 24 24 24 24 24 24 24 24 24 24 24 24 24 1 1 1 1 1 1 1 1 1 100 117 117 117 117 117 117 117 117 117 117 117 24 24 24 24 24 24 117 117 117 117 117 117 117 117 117 117 117 117 135 1 1 1 1 1 1 1 24 24 24 24 24 24 24 24 24 24 24 24 1 1 1 1 1 1 1 1 1 1 1 1 1 1 1 1 1 1 1 25
25 1 1 1 1 1 1 1 1 1 1 1 1 1 1 1 1 1 1 1 1 1 1 1 1 1 1 1 1 116 117 117 117 117 117 117 117 117 117 117 117 117 24 24 24 24 24 24 117 117 117 117 117 117 117 117 117 117 117 117 103 1 1 1 1 1 1 1 24 24 24 24 24 24 24 24 24 24 24 24 1 1 1 1 1 1 1 1 1 1 1 1 1 1 1 1 1 1 1 25
25 1 1 1 1 1 1 1 1 1 1 1 1 1 1 1 1 1 1 1 1 1 1 49 1 1 1 1 1 132 117 117 117 117 117 117 117 117 117 117 117 24 24 24 24 24 24 24 24 117 117 117 117 117 117 117 117 117 117 117 117 119 1 1 1 1 1 1 24 24 24 24 24 24 24 24 24 24 24 24 1 1 1 1 1 1 1 1 50 1 49 1 1 1 1 1 1 1 1 25
25 1 1 1 1 1 1 1 1 1 49 1 1 1 1 1 1 1 1 50 1 1 1 1 1 1 1 1 1 100 117 117 117 117 117 117 117 117 117 117 117 24 24 24 24 24 24 24 24 117 117 117 117 117 117 117 117 117 117 117 117 135 1 1 1 1 1 1 24 24 24 24 24 24 24 24 24 24 24 24 1 1 1 1 1 1 1 1 1 1 1 1 1 1 1 1 1 1 1 25
25 1 1 1 1 1 1 1 1 1 49 1 50 1 1 1 1 1 1 1 1 1 1 1 1 1 1 1 116 117 117 117 117 117 117 117 117 117 117 117 117 24 24 24 24 24 24 24 24 117 117 117 117 117 117 117 117 117 117 117 117 119 1 1 1 1 1 1 24 24 24 24 24 24 24 24 24 24 24 24 1 1 1 1 1 1 1 1 1 1 1 1 1 1 1 1 1 1 1 25
25 1 1 1 1 1 1 1 1 1 1 1 1 1 49 1 1 1 1 1 1 1 1 1 1 1 1 1 1 148 117 117 117 117 117 117 117 117 117 117 117 117 24 24 24 24 24 24 117 117 117 117 117 117 117 117 117 117 117 117 117 135 1 1 1 1 1 1 24 24 24 24 24 24 24 24 24 24 24 24 1 1 1 1 1 1 1 1 1 1 1 1 1 1 1 1 1 1 1 25
25 1 1 1 1 1 1 1 1 1 1 1 1 1 1 1 1 1 1 1 1 1 1 1 1 1 1 1 1 100 117 117 117 117 117 117 117 117 117 117 117 117 24 24 24 24 24 24 117 117 117 117 117 117 117 117 117 117 117 117 117 103 1 1 1 1 1 1 1 1 1 1 1 1 1 1 1 117 1 1 1 1 1 50 1 1 1 1 1 1 1 1 1 1 1 1 1 1 1 25
25 1 1 1 1 1 1 1 1 1 1 1 1 1 1 1 1 1 1 1 1 1 1 1 1 1 1 1 100 117 117 117 117 117 117 117 117 117 117 117 117 117 117 117 24 24 117 117 117 117 117 117 117 117 117 117 117 117 117 117 117 117 1 1 1 1 49 1 1 1 1 1 1 1 1 1 117 117 1 1 1 1 1 1 1 1 24 24 24 24 24 24 24 24 24 24 24 24 24 25
25 1 24 24 24 24 24 24 24 24 24 24 24 24 24 24 24 24 24 24 1 1 1 1 1 1 101 167 149 150 148 117 117 117 117 117 117 117 117 117 117 117 117 117 117 117 117 117 117 117 117 117 117 117 117 117 117 117 117 117 117 117 117 1 1 1 1 1 1 1 1 1 1 1 1 1 117 1 1 1 1 1 1 1 1 1 24 24 24 24 24 24 24 24 24 24 24 24 24 25
25 1 24 24 24 24 24 24 24 24 24 24 24 24 24 24 24 24 24 24 1 1 1 1 101 100 117 151 1 1 1 148 117 117 117 117 117 117 117 117 117 117 117 117 117 117 117 117 117 117 117 117 117 117 117 117 117 117 117 117 151 1 117 117 1 1 1 1 1 1 1 1 1 1 1 117 117 1 1 1 1 1 1 1 1 1 24 24 24 24 24 24 24 24 24 24 24 24 24 25
25 1 24 24 24 24 24 24 24 24 24 24 24 24 24 24 24 24 24 24 1 1 1 100 117 151 50 1 1 1 1 116 117 117 117 117 117 117 117 117 117 117 117 117 117 117 117 117 117 117 117 117 117 117 117 117 117 117 117 117 135 1 1 117 117 117 1 1 1 1 1 1 1 1 117 117 1 1 1 50 1 1 1 1 1 1 24 24 24 24 24 24 24 24 24 24 24 24 24 25
25 1 24 24 24 24 24 24 24 24 24 24 24 24 24 24 24 24 24 24 1 1 166 117 151 1 50 1 1 1 1 1 148 117 117 117 117 117 117 117 117 117 117 117 117 117 117 117 117 117 117 117 117 117 117 117 117 117 117 151 1 1 1 1 1 117 117 117 1 1 1 1 117 117 117 1 1 1 1 1 1 1 1 1 1 1 24 24 24 24 24 24 24 24 24 24 24 24 24 25
25 1 24 24 24 24 24 24 24 24 24 24 24 24 24 24 24 24 24 24 1 1 1 150 1 1 1 1 1 1 1 1 132 117 117 117 117 117 117 117 117 117 117 117 117 117 117 117 117 117 117 117 117 117 117 117 117 117 117 135 1 1 1 1 1 1 1 1 117 117 117 117 117 117 1 1 1 1 1 1 1 1 1 1 1 1 24 24 24 24 24 24 24 24 24 24 24 24 24 25
25 1 24 24 24 24 24 24 24 24 24 24 24 24 24 24 24 24 24 24 1 1 1 1 1 1 1 1 1 1 1 1 1 148 117 117 117 117 117 117 117 117 117 117 117 117 117 117 117 117 117 117 117 117 117 117 117 117 151 1 1 1 1 1 1 1 1 1 1 1 1 117 117 117 1 1 1 1 1 1 1 50 49 1 1 1 24 24 24 24 24 24 24 24 24 24 24 24 24 25
25 1 24 24 24 24 24 24 24 24 24 24 24 24 24 24 24 24 24 24 1 1 1 1 1 1 1 49 1 1 1 1 1 1 148 117 117 117 117 117 117 117 117 117 117 117 117 117 117 117 117 117 117 117 117 117 151 149 1 1 1 1 1 1 1 1 1 1 1 1 1 1 1 117 117 1 1 1 1 1 1 1 49 1 1 1 24 24 24 24 24 24 24 24 24 24 24 24 24 25
25 1 24 24 24 24 24 24 24 24 24 24 24 24 24 24 24 24 24 24 1 1 1 1 1 1 1 1 1 1 1 1 1 1 1 150 148 117 117 117 117 117 117 117 117 117 117 117 117 117 117 117 117 117 117 151 1 1 1 1 1 1 1 1 1 1 1 1 1 1 1 1 1 1 117 1 1 1 1 1 1 1 1 1 1 1 24 24 24 24 24 24 24 24 24 24 24 24 24 25
25 1 24 24 24 24 24 24 24 24 24 24 24 24 24 24 24 24 24 24 1 1 50 1 49 1 1 1 49 1 1 1 1 1 1 1 1 149 150 148 117 117 117 117 117 117 117 117 117 151 150 149 149 150 149 1 1 1 1 1 1 1 1 1 1 1 1 1 1 49 1 1 1 1 117 117 1 1 1 1 1 1 1 1 1 1 1 1 1 1 1 117 117 1 1 1 1 1 1 25
25 1 1 1 1 1 1 1 1 1 1 1 1 1 117 117 1 1 1 1 1 1 1 1 1 1 1 1 1 1 1 1 24 24 24 24 24 24 24 24 24 117 117 117 117 117 117 117 117 24 24 24 24 24 24 24 24 24 24 1 1 1 1 1 1 1 1 1 1 49 1 1 1 1 1 117 117 117 117 1 1 1 1 1 1 1 1 1 1 1 1 117 1 1 1 1 1 1 1 25
24 1 1 1 117 117 117 117 117 117 117 117 117 117 117 117 1 1 1 1 1 1 1 1 1 1 1 1 1 1 24 24 24 24 24 24 24 24 24 24 24 117 117 117 117 117 117 117 117 24 24 24 24 24 24 24 24 24 24 24 24 1 1 1 1 1 1 1 1 1 1 1 1 1 1 1 1 1 117 117 117 1 1 1 1 1 1 1 1 1 117 1 1 1 1 1 1 1 1 24
24 1 1 1 117 117 117 117 117 117 117 117 117 117 117 1 1 1 1 1 1 1 1 1 1 1 1 1 24 24 24 24 24 24 24 24 24 24 24 24 24 117 117 117 117 117 117 117 117 24 24 24 24 24 24 24 24 24 24 24 24 24 24 1 1 1 1 1 1 1 1 1 1 1 1 1 1 1 1 1 117 117 1 1 1 1 1 1 1 117 117 1 1 1 1 1 1 49 1 24
24 1 1 1 1 1 1 1 117 117 117 117 1 1 1 50 1 1 1 1 1 1 1 1 1 1 24 24 24 24 24 24 24 24 24 24 24 24 24 24 24 117 117 117 117 117 117 117 117 24 24 24 24 24 24 24 24 24 24 24 24 24 24 24 24 1 1 1 1 1 1 1 1 1 1 1 1 1 1 1 1 117 117 117 1 1 1 1 117 117 1 1 1 1 1 1 1 1 1 24
24 1 1 1 1 1 1 1 1 1 1 1 1 1 1 50 1 1 1 1 1 1 1 1 24 24 24 24 24 24 24 24 1 1 1 1 1 1 1 1 1 117 117 117 117 117 117 117 117 117 1 1 1 1 1 1 1 1 1 24 24 24 24 24 24 24 24 1 1 1 1 1 1 1 1 1 1 1 1 1 1 1 1 117 117 117 1 117 117 1 1 1 1 1 1 1 1 1 1 24
24 1 1 1 1 1 50 1 1 1 1 1 1 1 1 1 1 1 1 1 1 1 24 24 24 24 24 24 24 24 1 1 1 1 1 1 1 1 1 1 1 1 117 117 117 117 117 117 117 117 117 1 1 1 1 1 1 1 1 1 1 24 24 24 24 24 24 24 24 1 1 1 1 1 1 1 1 1 1 1 1 1 1 1 1 117 117 117 117 117 117 117 117 117 117 117 1 1 1 24
24 1 1 1 50 1 1 1 1 1 1 1 1 1 1 1 1 1 1 1 24 24 24 24 24 24 24 24 1 1 1 1 1 1 1 1 1 1 1 1 1 1 117 117 117 117 117 117 117 117 117 117 1 1 1 1 1 1 1 1 1 1 1 24 24 24 24 24 24 24 24 1 1 1 1 1 1 1 1 1 1 1 1 1 1 1 1 1 1 1 1 1 1 1 1 117 117 1 1 24
24 1 1 1 50 1 1 1 1 1 1 1 1 1 1 1 1 1 24 24 24 24 24 24 24 24 1 1 1 1 1 1 1 1 1 1 1 1 1 117 117 117 117 117 117 117 117 117 117 117 117 117 117 1 1 1 1 1 1 1 1 1 1 1 1 24 24 24 24 24 24 24 24 1 1 1 1 1 1 1 1 49 50 1 1 1 1 1 1 1 1 1 1 1 1 1 1 1 1 24
24 1 1 1 1 1 1 1 1 50 1 1 1 1 1 1 24 24 24 24 24 24 24 24 1 1 1 1 1 1 1 1 1 1 1 1 1 117 117 117 117 117 117 117 117 117 117 117 117 117 117 117 117 1 1 1 1 1 1 1 1 1 1 1 1 1 1 24 24 24 24 24 24 24 24 1 1 1 1 1 1 1 1 1 1 1 1 1 1 1 1 1 1 1 1 1 1 1 1 24
24 1 1 1 1 1 1 1 1 1 1 1 1 1 24 24 24 24 24 24 24 24 1 1 1 1 1 1 1 1 1 1 1 1 1 117 117 117 117 117 117 117 117 117 117 117 117 117 117 117 117 117 117 1 1 1 1 1 1 1 1 1 1 1 1 1 1 1 1 24 24 24 24 24 24 24 24 1 1 1 1 1 1 1 1 1 1 1 1 1 1 49 1 1 1 1 1 1 1 24
24 24 24 24 24 24 24 24 24 24 24 24 24 24 24 24 24 24 24 24 1 1 1 1 1 1 1 1 1 1 1 1 1 1 117 117 117 117 117 117 117 117 117 117 117 117 117 117 117 117 117 117 117 1 1 1 1 1 1 1 1 1 1 1 1 1 1 1 1 1 1 24 24 24 24 24 24 24 24 1 1 1 1 1 1 1 1 1 1 1 50 1 1 1 1 50 1 1 1 24
24 24 24 24 24 24 24 24 24 24 24 24 24 24 24 24 24 24 1 1 1 1 1 1 1 1 1 1 1 1 1 1 1 1 117 117 117 117 117 117 117 117 117 117 117 117 117 117 117 117 117 117 117 1 1 1 1 1 1 1 1 1 1 1 1 1 1 1 1 1 1 1 1 24 24 24 24 24 24 24 24 1 1 1 1 1 1 1 1 1 50 1 1 1 49 1 1 1 1 24
24 24 24 24 24 24 24 24 24 24 24 24 24 24 24 24 1 1 1 1 1 1 1 1 1 1 1 1 1 1 1 1 1 117 117 117 117 117 117 117 117 117 117 117 117 117 117 117 117 117 117 117 117 117 1 1 1 1 1 1 1 1 1 1 1 1 1 1 1 1 1 1 1 1 1 24 24 24 24 24 24 24 24 1 1 1 1 1 1 1 1 1 1 1 1 1 1 1 1 24
24 24 24 24 24 24 24 24 24 24 24 24 24 24 1 1 1 1 1 1 1 1 1 1 1 1 1 1 1 1 1 1 1 117 117 117 117 117 117 117 117 117 117 117 117 117 117 117 117 117 117 117 117 117 117 117 1 1 1 1 1 1 1 1 1 1 1 1 1 1 1 1 1 1 1 1 1 24 24 24 24 24 24 24 24 1 1 1 1 1 1 1 1 1 1 1 1 1 1 24
24 1 1 1 1 1 1 1 1 1 1 1 1 1 1 1 1 1 1 1 1 1 1 1 1 1 1 1 1 1 1 1 1 117 117 117 117 117 117 117 117 117 117 117 117 117 117 117 117 117 117 117 117 117 117 117 117 1 1 1 1 1 1 1 1 1 1 1 1 1 1 1 1 1 1 1 1 1 1 24 24 24 24 24 24 24 24 1 1 1 1 1 1 1 1 1 1 1 1 24
24 1 1 1 1 1 1 1 1 1 1 1 1 1 1 1 1 1 1 1 1 1 1 1 1 1 1 1 1 1 1 1 1 117 117 117 117 117 117 117 117 117 117 117 117 117 117 117 117 117 117 117 117 117 117 117 117 117 1 1 1 1 1 1 1 1 1 1 1 1 1 1 1 1 1 1 1 1 1 1 1 24 24 24 24 24 24 24 24 24 24 24 24 24 24 24 24 24 24 24
24 1 1 1 1 1 1 1 1 1 1 1 1 1 1 1 1 1 1 1 1 1 1 1 1 1 1 1 1 1 1 1 1 117 117 117 117 117 117 117 117 117 117 117 117 117 117 117 117 117 117 117 117 117 117 117 117 117 1 1 1 1 1 1 1 1 1 1 1 1 1 1 1 1 1 1 1 1 1 1 1 1 1 24 24 24 24 24 24 24 24 24 24 24 24 24 24 24 24 24
24 1 1 1 1 1 1 1 1 1 1 1 1 1 1 1 1 1 1 1 1 1 1 1 1 1 1 1 1 1 1 1 1 1 117 117 117 117 117 117 117 117 117 117 117 117 117 117 117 117 117 117 117 117 117 117 117 117 1 1 1 1 1 1 1 1 1 1 1 1 1 1 1 1 1 1 1 1 1 1 1 1 1 1 1 24 24 24 24 24 24 24 24 24 24 24 24 24 24 24
24 1 1 1 1 1 1 1 1 1 1 1 1 1 1 1 1 1 1 1 1 1 1 1 1 1 1 1 1 1 1 1 1 1 1 1 117 117 117 117 117 117 117 117 117 117 117 117 117 117 117 117 117 117 117 117 117 117 1 1 1 1 1 1 1 1 1 1 1 1 1 1 1 1 1 1 1 1 1 1 1 1 1 1 1 1 1 24 24 24 24 24 24 24 24 24 24 24 24 24
24 1 1 1 1 1 1 1 1 1 1 1 1 1 1 1 1 1 1 1 1 1 1 1 1 1 1 1 1 1 1 1 1 1 1 1 1 117 117 117 117 117 117 117 117 117 117 117 117 117 117 117 117 117 117 117 117 1 1 1 1 1 1 1 1 1 1 1 1 1 1 1 1 1 1 1 1 1 1 1 1 1 1 1 1 1 1 1 1 1 1 1 1 1 1 1 1 1 1 24
24 1 1 1 1 1 1 1 1 1 1 1 1 1 1 1 1 1 1 1 1 1 1 1 1 1 1 1 1 1 1 1 1 1 1 1 1 1 1 1 1 1 1 117 117 117 117 117 117 117 117 117 117 117 117 1 1 1 1 1 1 1 1 1 1 1 1 1 1 1 1 1 1 1 1 1 1 1 1 1 1 1 1 1 1 1 1 1 1 1 1 1 1 1 1 1 1 1 1 24
25 1 1 1 1 1 1 1 1 1 1 1 1 1 1 1 1 1 1 1 1 1 1 1 1 1 1 1 1 1 1 1 1 1 1 1 1 1 1 1 1 1 1 1 1 1 1 1 117 117 117 117 117 1 1 1 1 1 1 1 1 1 1 1 1 1 1 1 1 1 1 1 1 1 1 1 1 1 1 1 1 1 1 24 24 24 24 24 24 24 24 24 24 24 1 1 1 1 1 25
25 1 1 1 1 1 1 1 1 1 1 1 1 1 1 1 1 1 1 1 1 1 1 1 1 1 1 1 1 25 25 25 25 25 25 25 25 25 25 25 25 1 1 1 1 1 1 1 1 1 1 1 1 1 1 1 1 1 1 1 1 1 1 1 1 1 1 1 1 1 1 1 1 1 1 1 1 1 1 1 1 1 1 24 24 24 24 24 24 24 24 24 24 24 1 1 1 1 1 25
25 25 1 1 1 1 1 1 1 1 1 1 1 1 1 1 1 1 1 1 1 1 1 1 1 1 25 25 25 25 25 25 25 25 25 25 25 25 25 25 25 25 25 1 1 1 1 1 1 1 1 1 1 1 1 1 1 1 1 1 1 1 1 1 1 1 1 1 1 1 1 1 1 1 1 1 1 1 1 1 1 1 1 24 24 24 24 24 24 24 24 24 24 24 1 1 1 1 1 25
25 25 25 1 1 1 1 1 1 1 1 1 1 1 1 1 1 1 1 1 1 1 1 1 1 25 25 25 25 25 25 25 25 25 25 25 25 25 25 25 25 25 25 25 25 1 1 1 1 1 1 1 1 1 1 1 1 1 1 1 1 1 1 1 1 1 1 1 1 1 1 1 25 25 25 25 1 1 1 1 1 1 1 24 24 24 24 24 24 24 24 24 24 24 1 1 1 1 1 25
25 25 25 25 25 1 1 1 1 1 1 1 1 1 1 1 1 1 1 1 1 1 1 25 25 25 25 25 25 25 25 25 25 25 25 25 25 25 25 25 25 25 25 25 25 25 25 25 1 1 1 1 1 1 1 1 1 1 1 1 1 1 1 1 1 1 1 1 1 1 1 25 25 25 25 25 1 1 1 1 1 1 1 24 24 24 24 24 24 24 24 24 24 24 1 1 1 1 25 25
25 25 25 25 25 25 25 25 25 25 182 182 182 182 182 25 25 25 25 25 25 25 25 25 25 25 25 25 25 25 25 25 25 25 25 25 25 25 25 25 25 25 25 25 25 25 25 25 25 25 25 25 1 1 1 1 1 1 1 1 1 1 1 1 1 1 1 1 1 1 25 25 25 25 25 25 1 1 1 1 1 1 1 24 24 24 24 24 24 24 24 24 24 24 1 1 1 1 25 25
25 25 25 25 25 25 25 25 25 25 182 182 182 182 182 25 25 25 25 25 25 25 25 25 25 25 25 25 25 25 25 25 25 25 25 25 25 25 25 25 25 25 25 25 25 25 25 25 25 25 25 25 25 25 25 25 25 25 25 25 25 25 25 25 25 25 25 25 25 25 25 25 25 25 25 25 1 1 1 1 1 1 1 24 24 24 24 24 24 24 24 24 24 24 1 1 1 1 25 25
25 25 25 25 25 25 25 25 25 25 182 182 182 182 182 25 25 25 25 25 25 25 25 25 25 25 25 25 25 25 25 25 25 25 25 25 25 25 25 25 25 25 25 25 25 25 25 25 25 25 25 25 25 25 25 25 25 25 25 25 25 25 25 25 25 25 25 25 25 25 25 25 25 25 25 25 1 1 1 1 1 1 1 1 1 1 1 1 1 1 1 1 1 1 1 1 1 25 25 25
25 25 25 25 25 25 25 25 25 25 182 182 182 182 182 25 25 25 25 25 25 25 25 25 25 25 25 25 25 25 25 25 25 25 25 25 25 25 25 25 25 25 25 25 25 25 25 25 25 25 25 25 25 25 25 25 25 25 25 25 25 25 25 25 25 25 25 25 25 25 25 25 25 25 25 25 1 1 1 1 1 1 1 1 1 1 1 1 1 1 1 1 1 1 1 1 1 25 25 25
25 25 25 25 25 25 25 25 25 25 182 182 182 182 182 25 25 25 25 25 25 25 25 25 25 25 25 25 25 25 25 25 25 25 25 25 25 25 25 25 25 25 25 25 25 25 25 25 25 25 25 25 25 25 25 25 25 25 25 25 25 25 25 25 25 25 25 25 25 25 25 25 25 25 25 25 1 1 1 1 1 1 1 1 1 1 1 1 1 1 1 1 1 1 1 1 1 25 25 25
25 25 25 25 25 25 25 25 25 25 182 182 182 182 182 25 25 25 25 25 25 25 25 25 25 25 25 25 25 25 25 25 25 25 25 25 25 25 25 25 25 25 25 25 25 25 25 25 25 25 25 25 25 25 25 25 25 25 25 25 25 25 25 25 25 25 25 25 25 25 25 25 25 25 25 25 1 1 1 1 1 1 1 1 1 1 1 1 1 1 1 1 1 1 1 1 25 25 25 25
25 25 25 25 25 25 25 25 25 25 182 182 182 182 182 25 25 25 25 25 25 25 25 25 25 25 25 25 25 25 25 25 25 25 25 25 25 25 25 25 25 25 25 25 25 25 25 25 25 25 25 25 25 25 25 25 25 25 25 25 25 25 25 25 25 25 25 25 25 25 25 25 25 25 25 25 25 1 1 1 1 1 1 1 1 1 1 1 1 1 1 1 1 1 1 1 25 25 25 25
25 25 25 25 25 25 25 25 25 25 182 182 182 182 182 25 25 25 25 25 25 25 25 25 25 25 25 25 25 25 25 25 25 25 25 25 25 25 25 25 25 25 25 25 25 25 25 25 25 25 25 25 25 25 25 25 25 25 25 25 25 25 25 25 25 25 25 25 25 25 25 25 25 25 25 25 25 1 1 1 1 1 1 1 1 1 1 1 1 1 1 1 1 1 1 25 25 25 25 25
25 25 25 25 25 25 25 25 25 25 182 182 182 182 182 25 25 25 25 25 25 25 25 25 25 25 25 25 25 25 25 25 25 25 25 25 25 25 25 25 25 25 25 25 25 25 25 25 25 25 25 25 25 25 25 25 25 25 25 25 25 25 25 25 25 25 25 25 25 25 25 25 25 25 25 25 25 1 1 1 1 1 1 1 1 1 1 1 1 1 1 1 1 1 25 25 25 25 25 25
25 25 25 25 25 25 25 25 25 25 182 182 182 182 182 25 25 25 25 25 25 25 25 25 25 25 25 25 25 25 25 25 25 25 25 25 25 25 25 25 25 25 25 25 25 25 25 25 25 25 25 25 25 25 25 25 25 25 25 25 25 25 25 25 25 25 25 25 25 25 25 25 25 25 25 25 25 1 1 1 1 1 1 1 1 1 1 1 1 1 1 1 1 25 25 25 25 25 25 25
25 25 25 25 25 25 25 25 25 25 182 182 182 182 182 25 25 25 25 25 25 25 25 25 25 25 25 25 25 25 25 25 25 25 25 25 25 25 25 25 25 25 25 25 25 25 25 25 25 25 25 25 25 25 25 25 25 25 25 25 25 25 25 25 25 25 25 25 25 25 25 25 25 25 25 25 25 25 1 1 1 1 1 1 1 1 1 1 1 1 1 1 25 25 25 25 25 25 25 25
25 25 25 25 25 25 25 25 25 25 182 182 182 182 182 25 25 25 25 25 25 25 25 25 25 25 25 25 25 25 25 25 25 25 25 25 25 25 25 25 25 25 25 25 25 25 25 25 25 25 25 25 25 25 25 25 25 25 25 25 25 25 25 25 25 25 25 25 25 25 25 25 25 25 25 25 25 25 25 1 1 1 1 1 1 1 1 1 1 1 25 25 25 25 25 25 25 25 25 25
25 25 25 25 25 25 25 25 25 25 182 182 182 182 182 25 25 25 25 25 25 25 25 25 25 25 25 25 25 25 25 25 25 25 25 25 25 25 25 25 25 25 25 25 25 25 25 25 25 25 25 25 25 25 25 25 25 25 25 25 25 25 25 25 25 25 25 25 25 25 25 25 25 25 25 25 25 25 25 25 25 1 1 1 1 1 1 1 25 25 25 25 25 25 25 25 25 25 25 25
25 25 25 25 25 25 25 25 25 25 25 25 25 25 25 25 25 25 25 25 25 25 25 25 25 25 25 25 25 25 25 25 25 25 25 25 25 25 25 25 25 25 25 25 25 25 25 25 25 25 25 25 25 25 25 25 25 25 25 25 25 25 25 25 25 25 25 25 25 25 25 25 25 25 25 25 25 25 25 25 25 25 25 25 25 25 25 25 25 25 25 25 25 25 25 25 25 25 25 25
25 25 25 25 25 25 25 25 25 25 25 25 25 25 25 25 25 25 25 25 25 25 25 25 25 25 25 25 25 25 25 25 25 25 25 25 25 25 25 25 25 25 25 25 25 25 25 25 25 25 25 25 25 25 25 25 25 25 25 25 25 25 25 25 25 25 25 25 25 25 25 25 25 25 25 25 25 25 25 25 25 25 25 25 25 25 25 25 25 25 25 25 25 25 25 25 25 25 25 25
25 25 25 25 25 25 25 25 25 25 25 25 25 25 25 25 25 25 25 25 25 25 25 25 25 25 25 25 25 25 25 25 25 25 25 25 25 25 25 25 25 25 25 25 25 25 25 25 25 25 25 25 25 25 25 25 25 25 25 25 25 25 25 25 25 25 25 25 25 25 25 25 25 25 25 25 25 25 25 25 25 25 25 25 25 25 25 25 25 25 25 25 25 25 25 25 25 25 25 25
25 25 25 25 25 25 25 25 25 25 25 25 25 25 25 25 25 25 25 25 25 25 25 25 25 25 25 25 25 25 25 25 25 25 25 25 25 25 25 25 25 25 25 25 25 25 25 25 25 25 25 25 25 25 25 25 25 25 25 25 25 25 25 25 25 25 25 25 25 25 25 25 25 25 25 25 25 25 25 25 25 25 25 25 25 25 25 25 25 25 25 25 25 25 25 25 25 25 25 25
25 25 25 25 25 25 25 25 25 25 25 25 25 25 25 25 25 25 25 25 25 25 25 25 25 25 25 25 25 25 25 25 25 25 25 25 25 25 25 25 25 25 25 25 25 25 25 25 25 25 25 25 25 25 25 25 25 25 25 25 25 25 25 25 25 25 25 25 25 25 25 25 25 25 25 25 25 25 25 25 25 25 25 25 25 25 25 25 25 25 25 25 25 25 25 25 25 25 25 25